;---------三绝杀
1582 0,110,15,0,200
;---------开天印
1583 0,43,15,0,200
;---------强化半月弯刀-虚弱印
1604 0,52,20,0,100
;---------铭文[雷光印]
1609 1,11,40,11,100
;---------铭文[火光印]
1610 1,22,40,11,100
;---------铭文[光影印]
1611 1,10,40,11,100
;---------铭文[强化の雷光印]
1612 1,208,45,208,120
;---------铭文[强化の火光印]
1613 1,209,45,208,120
;---------铭文[强化の光影印]
1614 1,207,45,208,120
;---------铭文[火炎印]
1619 1,22,40,22,100
;---------铭文[强化火炎印]
1620 1,209,45,209,100
;---------铭文[火雨印]
1626 1,57,20,33,100
;---------铭文[强化火雨印]
1627 1,57,30,211,120
;---------铭文[冰火印]
1628 1,47,20,33,100
;---------铭文[强化冰火印]
1629 1,47,30,211,120
;---------铭文[强化の爆裂印]
1630 1,210,45,208,120
;---------铭文[强化冰雪印]
1631 1,66,30,208,120
;---------铭文[强化毒术印]
1632 1,214,30,209,120
;---------铭文[强化の双爆印]
1633 1,210,30,210,120
;---------铭文[强化の火墙印]
1634 1,209,30,210,120
;---------铭文[强化の群雨印]
1635 1,71,30,211,120
;---------铭文[强化の群雨印]
1636 1,58,30,211,120
;---------铭文[毒王印]
1640 1,38,20,6,100
;---------铭文[强化の毒王印]
1641 1,38,30,214,120
;---------铭文[道尊印]
1642 1,6,30,13,100
;---------铭文[强化の道尊印]
1643 1,214,40,215,120
;---------铭文[弹射印]
1645 1,67,30,13,100
;---------铭文[强化の弹射印]
1646 1,67,40,215,120
;---------铭文[强化の双符印]
1657 1,215,50,215,120
;---------铭文[强化の无极印]
1658 1,50,30,215,120
;---------铭文[强化の强魔印]
1659 1,216,100,217,120
;---------铭文[强化の极裂印]
1660 1,67,30,215,120|1,50,30,215,120
;---------铭文[全能の灭世印]
1664 2,124,10,217,100
;-------------------------------------------------装备BUFF
;↓战士妖玛武器------------------------------------------
295 0,6,1,205,50|0,26,1,205,50|0,33,1,205,50
294 0,6,2,205,50|0,26,2,205,50|0,33,2,205,50
293 0,6,3,205,50|0,26,3,205,50|0,33,3,205,50
292 0,6,4,205,50|0,26,4,205,50|0,33,4,205,50
291 0,6,5,205,50|0,26,5,205,50|0,33,5,205,50
310 0,6,1,205,50|0,26,1,205,50|0,33,1,205,50
309 0,6,2,205,50|0,26,2,205,50|0,33,2,205,50
308 0,6,3,205,50|0,26,3,205,50|0,33,3,205,50
307 0,6,4,205,50|0,26,4,205,50|0,33,4,205,50
306 0,6,5,205,50|0,26,5,205,50|0,33,5,205,50
;↓法师妖玛武器------------------------------------------
300 1,6,1,208,50|1,13,1,208,50|1,33,1,208,50
299 1,6,2,208,50|1,13,2,208,50|1,33,2,208,50
298 1,6,3,208,50|1,13,3,208,50|1,33,3,208,50
297 1,6,4,208,50|1,13,4,208,50|1,33,4,208,50
296 1,6,5,208,50|1,13,5,208,50|1,33,5,208,50
;↓道士妖玛武器------------------------------------------
305 1,6,1,215,50|1,11,1,215,50|1,33,1,215,50
304 1,6,2,215,50|1,11,2,215,50|1,33,2,215,50
303 1,6,3,215,50|1,11,3,215,50|1,33,3,215,50
302 1,6,4,215,50|1,11,4,215,50|1,33,4,215,50
301 1,6,5,215,50|1,11,5,215,50|1,33,5,215,50
316 1,6,1,215,50|1,11,1,215,50|1,33,1,215,50
315 1,6,2,215,50|1,11,2,215,50|1,33,2,215,50
314 1,6,3,215,50|1,11,3,215,50|1,33,3,215,50
313 1,6,4,215,50|1,11,4,215,50|1,33,4,215,50
312 1,6,5,215,50|1,11,5,215,50|1,33,5,215,50
;↓战士祖玛武器-----------------------------------------
321 0,214,1,205,50|0,201,1,205,50|0,211,1,205,50
320 0,214,2,205,50|0,201,2,205,50|0,211,2,205,50
319 0,214,3,205,50|0,201,3,205,50|0,211,3,205,50
318 0,214,4,205,50|0,201,4,205,50|0,211,4,205,50
317 0,214,5,205,50|0,201,5,205,50|0,211,5,205,50
;↓法师祖玛武器-----------------------------------------
326 1,214,1,208,50|1,215,1,208,50|1,211,1,208,50
325 1,214,2,208,50|1,215,2,208,50|1,211,2,208,50
324 1,214,3,208,50|1,215,3,208,50|1,211,3,208,50
323 1,214,4,208,50|1,215,4,208,50|1,211,4,208,50
322 1,214,5,208,50|1,215,5,208,50|1,211,5,208,50
1268 1,214,1,208,50|1,215,1,208,50|1,211,1,208,50
1267 1,214,2,208,50|1,215,2,208,50|1,211,2,208,50
1266 1,214,3,208,50|1,215,3,208,50|1,211,3,208,50
1265 1,214,4,208,50|1,215,4,208,50|1,211,4,208,50
1264 1,214,5,208,50|1,215,5,208,50|1,211,5,208,50
;↓道士祖玛武器-----------------------------------------
331 1,214,1,215,50|1,208,1,215,50|1,211,1,215,50
330 1,214,2,215,50|1,208,2,215,50|1,211,2,215,50
329 1,214,3,215,50|1,208,3,215,50|1,211,3,215,50
328 1,214,4,215,50|1,208,4,215,50|1,211,4,215,50
327 1,214,5,215,50|1,208,5,215,50|1,211,5,215,50
;↓战士赤月武器-----------------------------------------
341 0,214,1,205,50|0,43,1,205,50|0,57,1,205,50
340 0,214,2,205,50|0,43,2,205,50|0,57,2,205,50
339 0,214,3,205,50|0,43,3,205,50|0,57,3,205,50
338 0,214,4,205,50|0,43,4,205,50|0,57,4,205,50
337 0,214,5,205,50|0,43,5,205,50|0,57,5,205,50
860 0,214,1,205,50|0,43,1,205,50|0,57,1,205,50
859 0,214,2,205,50|0,43,2,205,50|0,57,2,205,50
858 0,214,3,205,50|0,43,3,205,50|0,57,3,205,50
857 0,214,4,205,50|0,43,4,205,50|0,57,4,205,50
856 0,214,5,205,50|0,43,5,205,50|0,57,5,205,50
;↓法师赤月武器-----------------------------------------
855 1,214,1,208,50|1,116,1,208,50|1,57,1,208,50
854 1,214,2,208,50|1,116,2,208,50|1,57,2,208,50
853 1,214,3,208,50|1,116,3,208,50|1,57,3,208,50
852 1,214,4,208,50|1,116,4,208,50|1,57,4,208,50
851 1,214,5,208,50|1,116,5,208,50|1,57,5,208,50
1278 1,214,1,208,50|1,116,1,208,50|1,57,1,208,50
1277 1,214,2,208,50|1,116,2,208,50|1,57,2,208,50
1276 1,214,3,208,50|1,116,3,208,50|1,57,3,208,50
1275 1,214,4,208,50|1,116,4,208,50|1,57,4,208,50
1274 1,214,5,208,50|1,116,5,208,50|1,57,5,208,50
;↓道士赤月武器----------------------------------------
865 1,214,1,215,50|1,53,1,215,50|1,57,1,215,50
864 1,214,2,215,50|1,53,2,215,50|1,57,2,215,50
863 1,214,3,215,50|1,53,3,215,50|1,57,3,215,50
862 1,214,4,215,50|1,53,4,215,50|1,57,4,215,50
861 1,214,5,215,50|1,53,5,215,50|1,57,5,215,50
;↓战士魔龙武器-----------------------------------------
1263 0,38,1,205,50|0,56,1,205,50|0,71,1,205,50
1262 0,38,2,205,50|0,56,2,205,50|0,71,2,205,50
1261 0,38,3,205,50|0,56,3,205,50|0,71,3,205,50
1260 0,38,4,205,50|0,56,4,205,50|0,71,4,205,50
1259 0,38,5,205,50|0,56,5,205,50|0,71,5,205,50
;↓法师魔龙武器-----------------------------------------
1129 1,38,1,208,50|1,45,1,208,50|1,71,1,208,50
1128 1,38,2,208,50|1,45,2,208,50|1,71,2,208,50
1127 1,38,3,208,50|1,45,3,208,50|1,71,3,208,50
1126 1,38,4,208,50|1,45,4,208,50|1,71,4,208,50
1125 1,38,5,208,50|1,45,5,208,50|1,71,5,208,50
;↓道士魔龙武器----------------------------------------
1134 1,38,1,215,50|1,67,1,215,50|1,71,1,215,50
1133 1,38,2,215,50|1,67,2,215,50|1,71,2,215,50
1132 1,38,3,215,50|1,67,3,215,50|1,71,3,215,50
1131 1,38,4,215,50|1,67,4,215,50|1,71,4,215,50
1130 1,38,5,215,50|1,67,5,215,50|1,71,5,215,50
;↓战士飞仙武器-----------------------------------------
1462 0,38,5,205,50|0,206,5,205,50|0,213,5,205,50
;↓道士飞仙武器----------------------------------------
1463 1,38,5,215,50|1,220,5,215,50|1,213,5,215,50
;↓法师飞仙武器----------------------------------------
1464 1,38,5,208,50|1,212,5,208,50|1,213,5,208,50
;↓战士强仙武器-----------------------------------------
1465 0,38,5,205,50|0,110,5,205,50|0,72,5,205,50
;↓道士强仙武器----------------------------------------
1466 1,38,5,215,50|1,118,5,215,50|1,72,5,215,50
;↓法师强仙武器----------------------------------------
1467 1,38,5,208,50|1,47,5,208,50|1,72,5,208,50
;↓战士成仙武器-----------------------------------------
1468 0,122,5,205,50|0,42,5,205,50|0,39,5,205,50
;↓道士成仙武器----------------------------------------
1469 1,52,5,215,50|1,119,5,215,50|1,72,5,215,50
;↓法师成仙武器----------------------------------------
1470 1,37,5,208,50|1,47,5,208,50|1,117,5,208,50
;↓战士灭世武器-----------------------------------------
1471 0,122,5,205,50|0,121,5,205,50|0,124,5,205,50
;↓道士灭世武器----------------------------------------
1472 1,50,5,215,50|1,72,5,215,50|1,124,5,215,50
;↓法师灭世武器----------------------------------------
1473 1,58,5,208,50|1,117,5,208,50|1,124,5,208,50
;-------------------------------------------------------------------------
;-------------------------------------------------------------------------
;↓妖玛衣服------------------------------------------
174 2,31,1,208,50|2,58,1,208,50|2,64,1,208,50
173 2,31,1,208,50|2,58,1,208,50|2,64,1,208,50
172 2,31,1,208,50|2,58,1,208,50|2,64,1,208,50
171 2,31,1,208,50|2,58,1,208,50|2,64,1,208,50
170 2,31,1,208,50|2,58,1,208,50|2,64,1,208,50
169 2,31,1,208,50|2,58,1,208,50|2,64,1,208,50
168 2,31,1,208,50|2,58,1,208,50|2,64,1,208,50
167 2,31,1,208,50|2,58,1,208,50|2,64,1,208,50
166 2,31,1,208,50|2,58,1,208,50|2,64,1,208,50
165 2,31,1,208,50|2,58,1,208,50|2,64,1,208,50
164 2,31,1,208,50|2,58,1,208,50|2,64,1,208,50
163 2,31,1,208,50|2,58,1,208,50|2,64,1,208,50
162 2,31,1,208,50|2,58,1,208,50|2,64,1,208,50
161 2,31,1,208,50|2,58,1,208,50|2,64,1,208,50
160 2,31,1,208,50|2,58,1,208,50|2,64,1,208,50
159 2,31,1,208,50|2,58,1,208,50|2,64,1,208,50
158 2,31,1,208,50|2,58,1,208,50|2,64,1,208,50
157 2,31,1,208,50|2,58,1,208,50|2,64,1,208,50
156 2,31,1,208,50|2,58,1,208,50|2,64,1,208,50
155 2,31,1,208,50|2,58,1,208,50|2,64,1,208,50
154 2,31,1,208,50|2,58,1,208,50|2,64,1,208,50
153 2,31,1,208,50|2,58,1,208,50|2,64,1,208,50
152 2,31,1,208,50|2,58,1,208,50|2,64,1,208,50
151 2,31,1,208,50|2,58,1,208,50|2,64,1,208,50
150 2,31,1,208,50|2,58,1,208,50|2,64,1,208,50
149 2,31,1,208,50|2,58,1,208,50|2,64,1,208,50
148 2,31,1,208,50|2,58,1,208,50|2,64,1,208,50
147 2,31,1,208,50|2,58,1,208,50|2,64,1,208,50
146 2,31,1,208,50|2,58,1,208,50|2,64,1,208,50
145 2,31,1,208,50|2,58,1,208,50|2,64,1,208,50
;↓祖玛衣服------------------------------------------
204 2,31,2,208,50|2,58,2,208,50|2,64,2,208,50
203 2,31,2,208,50|2,58,2,208,50|2,64,2,208,50
202 2,31,2,208,50|2,58,2,208,50|2,64,2,208,50
201 2,31,2,208,50|2,58,2,208,50|2,64,2,208,50
200 2,31,2,208,50|2,58,2,208,50|2,64,2,208,50
199 2,31,2,208,50|2,58,2,208,50|2,64,2,208,50
198 2,31,2,208,50|2,58,2,208,50|2,64,2,208,50
197 2,31,2,208,50|2,58,2,208,50|2,64,2,208,50
196 2,31,2,208,50|2,58,2,208,50|2,64,2,208,50
195 2,31,2,208,50|2,58,2,208,50|2,64,2,208,50
194 2,31,2,208,50|2,58,2,208,50|2,64,2,208,50
193 2,31,2,208,50|2,58,2,208,50|2,64,2,208,50
192 2,31,2,208,50|2,58,2,208,50|2,64,2,208,50
191 2,31,2,208,50|2,58,2,208,50|2,64,2,208,50
190 2,31,2,208,50|2,58,2,208,50|2,64,2,208,50
189 2,31,2,208,50|2,58,2,208,50|2,64,2,208,50
188 2,31,2,208,50|2,58,2,208,50|2,64,2,208,50
187 2,31,2,208,50|2,58,2,208,50|2,64,2,208,50
186 2,31,2,208,50|2,58,2,208,50|2,64,2,208,50
185 2,31,2,208,50|2,58,2,208,50|2,64,2,208,50
184 2,31,2,208,50|2,58,2,208,50|2,64,2,208,50
183 2,31,2,208,50|2,58,2,208,50|2,64,2,208,50
182 2,31,2,208,50|2,58,2,208,50|2,64,2,208,50
181 2,31,2,208,50|2,58,2,208,50|2,64,2,208,50
180 2,31,2,208,50|2,58,2,208,50|2,64,2,208,50
179 2,31,2,208,50|2,58,2,208,50|2,64,2,208,50
178 2,31,2,208,50|2,58,2,208,50|2,64,2,208,50
177 2,31,2,208,50|2,58,2,208,50|2,64,2,208,50
176 2,31,2,208,50|2,58,2,208,50|2,64,2,208,50
175 2,31,2,208,50|2,58,2,208,50|2,64,2,208,50
;↓赤月衣服------------------------------------------
895 2,31,3,208,50|2,58,3,208,50|2,64,3,208,50
894 2,31,3,208,50|2,58,3,208,50|2,64,3,208,50
893 2,31,3,208,50|2,58,3,208,50|2,64,3,208,50
892 2,31,3,208,50|2,58,3,208,50|2,64,3,208,50
891 2,31,3,208,50|2,58,3,208,50|2,64,3,208,50
890 2,31,3,208,50|2,58,3,208,50|2,64,3,208,50
889 2,31,3,208,50|2,58,3,208,50|2,64,3,208,50
888 2,31,3,208,50|2,58,3,208,50|2,64,3,208,50
887 2,31,3,208,50|2,58,3,208,50|2,64,3,208,50
886 2,31,3,208,50|2,58,3,208,50|2,64,3,208,50
885 2,31,3,208,50|2,58,3,208,50|2,64,3,208,50
884 2,31,3,208,50|2,58,3,208,50|2,64,3,208,50
883 2,31,3,208,50|2,58,3,208,50|2,64,3,208,50
882 2,31,3,208,50|2,58,3,208,50|2,64,3,208,50
881 2,31,3,208,50|2,58,3,208,50|2,64,3,208,50
880 2,31,3,208,50|2,58,3,208,50|2,64,3,208,50
879 2,31,3,208,50|2,58,3,208,50|2,64,3,208,50
878 2,31,3,208,50|2,58,3,208,50|2,64,3,208,50
877 2,31,3,208,50|2,58,3,208,50|2,64,3,208,50
876 2,31,3,208,50|2,58,3,208,50|2,64,3,208,50
875 2,31,3,208,50|2,58,3,208,50|2,64,3,208,50
874 2,31,3,208,50|2,58,3,208,50|2,64,3,208,50
873 2,31,3,208,50|2,58,3,208,50|2,64,3,208,50
872 2,31,3,208,50|2,58,3,208,50|2,64,3,208,50
871 2,31,3,208,50|2,58,3,208,50|2,64,3,208,50
870 2,31,3,208,50|2,58,3,208,50|2,64,3,208,50
869 2,31,3,208,50|2,58,3,208,50|2,64,3,208,50
868 2,31,3,208,50|2,58,3,208,50|2,64,3,208,50
867 2,31,3,208,50|2,58,3,208,50|2,64,3,208,50
866 2,31,3,208,50|2,58,3,208,50|2,64,3,208,50
;↓魔龙衣服------------------------------------------
1164 2,31,4,208,50|2,58,4,208,50|2,64,4,208,50
1163 2,31,4,208,50|2,58,4,208,50|2,64,4,208,50
1162 2,31,4,208,50|2,58,4,208,50|2,64,4,208,50
1161 2,31,4,208,50|2,58,4,208,50|2,64,4,208,50
1160 2,31,4,208,50|2,58,4,208,50|2,64,4,208,50
1159 2,31,4,208,50|2,58,4,208,50|2,64,4,208,50
1158 2,31,4,208,50|2,58,4,208,50|2,64,4,208,50
1157 2,31,4,208,50|2,58,4,208,50|2,64,4,208,50
1156 2,31,4,208,50|2,58,4,208,50|2,64,4,208,50
1155 2,31,4,208,50|2,58,4,208,50|2,64,4,208,50
1154 2,31,4,208,50|2,58,4,208,50|2,64,4,208,50
1153 2,31,4,208,50|2,58,4,208,50|2,64,4,208,50
1152 2,31,4,208,50|2,58,4,208,50|2,64,4,208,50
1151 2,31,4,208,50|2,58,4,208,50|2,64,4,208,50
1150 2,31,4,208,50|2,58,4,208,50|2,64,4,208,50
1149 2,31,4,208,50|2,58,4,208,50|2,64,4,208,50
1148 2,31,4,208,50|2,58,4,208,50|2,64,4,208,50
1147 2,31,4,208,50|2,58,4,208,50|2,64,4,208,50
1146 2,31,4,208,50|2,58,4,208,50|2,64,4,208,50
1145 2,31,4,208,50|2,58,4,208,50|2,64,4,208,50
1144 2,31,4,208,50|2,58,4,208,50|2,64,4,208,50
1143 2,31,4,208,50|2,58,4,208,50|2,64,4,208,50
1142 2,31,4,208,50|2,58,4,208,50|2,64,4,208,50
1141 2,31,4,208,50|2,58,4,208,50|2,64,4,208,50
1140 2,31,4,208,50|2,58,4,208,50|2,64,4,208,50
1139 2,31,4,208,50|2,58,4,208,50|2,64,4,208,50
1138 2,31,4,208,50|2,58,4,208,50|2,64,4,208,50
1137 2,31,4,208,50|2,58,4,208,50|2,64,4,208,50
1136 2,31,4,208,50|2,58,4,208,50|2,64,4,208,50
1135 2,31,4,208,50|2,58,4,208,50|2,64,4,208,50
;↓飞仙衣服------------------------------------------
1480 2,31,5,208,50|2,58,5,208,50|2,64,5,208,50
1479 2,31,5,208,50|2,58,5,208,50|2,64,5,208,50
1478 2,31,5,208,50|2,58,5,208,50|2,64,5,208,50
1477 2,31,5,208,50|2,58,5,208,50|2,64,5,208,50
1476 2,31,5,208,50|2,58,5,208,50|2,64,5,208,50
1475 2,31,5,208,50|2,58,5,208,50|2,64,5,208,50
;↓强仙衣服------------------------------------------
1486 2,31,6,208,50|2,58,6,208,50|2,64,6,208,50
1485 2,31,6,208,50|2,58,6,208,50|2,64,6,208,50
1484 2,31,6,208,50|2,58,6,208,50|2,64,6,208,50
1483 2,31,6,208,50|2,58,6,208,50|2,64,6,208,50
1482 2,31,6,208,50|2,58,6,208,50|2,64,6,208,50
1481 2,31,6,208,50|2,58,6,208,50|2,64,6,208,50
;↓成仙衣服------------------------------------------
1492 2,31,7,208,50|2,58,7,208,50|2,64,7,208,50
1491 2,31,7,208,50|2,58,7,208,50|2,64,7,208,50
1490 2,31,7,208,50|2,58,7,208,50|2,64,7,208,50
1489 2,31,7,208,50|2,58,7,208,50|2,64,7,208,50
1488 2,31,7,208,50|2,58,7,208,50|2,64,7,208,50
1487 2,31,7,208,50|2,58,7,208,50|2,64,7,208,50
;↓灭世衣服--------------------------------------
1498 2,31,7,208,50|2,58,7,208,50|2,64,7,208,50
1497 2,31,7,208,50|2,58,7,208,50|2,64,7,208,50
1496 2,31,7,208,50|2,58,7,208,50|2,64,7,208,50
1495 2,31,7,208,50|2,58,7,208,50|2,64,7,208,50
1494 2,31,7,208,50|2,58,7,208,50|2,64,7,208,50
1493 2,31,7,208,50|2,58,7,208,50|2,64,7,208,50
;↓护盾------------------------------------------
1691 2,64,2,208,50|2,124,2,208,50
1692 2,64,3,208,50|2,124,3,208,50
1693 2,64,4,208,50|2,124,4,208,50
1694 2,64,5,208,50|2,124,5,208,50
1695 2,64,6,208,50|2,124,6,208,50
1696 2,64,7,208,50|2,124,7,208,50
1697 2,64,8,208,50|2,124,8,208,50
1698 2,64,9,208,50|2,124,9,208,50
;↓新武器----------------------------------------
1868 0,122,5,205,50|1,72,5,215,50|1,124,5,208,50
1869 0,122,5,205,50|1,72,5,215,50|1,124,5,208,50
1870 0,122,5,205,50|1,72,5,215,50|1,124,5,208,50
1871 0,122,5,205,50|1,72,5,215,50|1,124,5,208,50
1872 0,122,5,205,50|1,72,5,215,50|1,124,5,208,50
1873 0,122,5,205,50|1,72,5,215,50|1,124,5,208,50
1874 0,122,5,205,50|1,72,5,215,50|1,124,5,208,50
;↓新衣服----------------------------------------
1876 2,31,7,208,50|2,58,7,208,50|2,64,7,208,50
1877 2,31,7,208,50|2,58,7,208,50|2,64,7,208,50
1878 2,31,7,208,50|2,58,7,208,50|2,64,7,208,50
1879 2,31,7,208,50|2,58,7,208,50|2,64,7,208,50
1880 2,31,7,208,50|2,58,7,208,50|2,64,7,208,50
1881 2,31,7,208,50|2,58,7,208,50|2,64,7,208,50
1882 2,31,7,208,50|2,58,7,208,50|2,64,7,208,50
1883 2,31,7,208,50|2,58,7,208,50|2,64,7,208,50
1884 2,31,7,208,50|2,58,7,208,50|2,64,7,208,50
1885 2,31,7,208,50|2,58,7,208,50|2,64,7,208,50
1886 2,31,7,208,50|2,58,7,208,50|2,64,7,208,50
1887 2,31,7,208,50|2,58,7,208,50|2,64,7,208,50
1888 2,31,7,208,50|2,58,7,208,50|2,64,7,208,50
1889 2,31,7,208,50|2,58,7,208,50|2,64,7,208,50
;↓圣器----------------------------------------
1939 0,122,5,205,50|1,72,5,215,50|1,124,5,208,50
1940 0,122,5,205,50|1,72,5,215,50|1,124,5,208,50
1941 0,71,5,205,50|1,213,5,11,50|2,58,5,208,50
1942 0,206,5,205,50|1,204,5,25,50|2,58,5,208,50
1950 0,215,5,205,50|1,219,5,36,50|2,58,5,208,50

