[渡劫]圣战头盔	0	1	0	0	0	0	0	0	
[元婴]圣战头盔	0	1	0	0	0	0	0	0	
[金丹]圣战头盔	0	1	0	0	0	0	0	0	
[筑基]圣战头盔	0	1	0	0	0	0	0	0	
圣战头盔	0	1	0	0	0	0	0	0	
[渡劫]圣战项链	0	1	0	0	0	0	0	0	
[元婴]圣战项链	0	1	0	0	0	0	0	0	
[金丹]圣战项链	0	1	0	0	0	0	0	0	
[筑基]圣战项链	0	1	0	0	0	0	0	0	
圣战项链	0	1	0	0	0	0	0	0	
[渡劫]圣战手镯	0	1	0	0	0	0	0	0	
[元婴]圣战手镯	0	1	0	0	0	0	0	0	
[金丹]圣战手镯	0	1	0	0	0	0	0	0	
[筑基]圣战手镯	0	1	0	0	0	0	0	0	
圣战手镯	0	1	0	0	0	0	0	0	
[渡劫]圣战戒指	0	1	0	0	0	0	0	0	
[元婴]圣战戒指	0	1	0	0	0	0	0	0	
[金丹]圣战戒指	0	1	0	0	0	0	0	0	
[筑基]圣战戒指	0	1	0	0	0	0	0	0	
圣战戒指	0	1	0	0	0	0	0	0	
[渡劫]法神头盔	0	1	0	0	0	0	0	0	
[元婴]法神头盔	0	1	0	0	0	0	0	0	
[金丹]法神头盔	0	1	0	0	0	0	0	0	
[筑基]法神头盔	0	1	0	0	0	0	0	0	
法神头盔	0	1	0	0	0	0	0	0	
[渡劫]法神项链	0	1	0	0	0	0	0	0	
[元婴]法神项链	0	1	0	0	0	0	0	0	
[金丹]法神项链	0	1	0	0	0	0	0	0	
[筑基]法神项链	0	1	0	0	0	0	0	0	
法神项链	0	1	0	0	0	0	0	0	
[渡劫]法神手镯	0	1	0	0	0	0	0	0	
[元婴]法神手镯	0	1	0	0	0	0	0	0	
[金丹]法神手镯	0	1	0	0	0	0	0	0	
[筑基]法神手镯	0	1	0	0	0	0	0	0	
法神手镯	0	1	0	0	0	0	0	0	
[渡劫]法神戒指	0	1	0	0	0	0	0	0	
[元婴]法神戒指	0	1	0	0	0	0	0	0	
[金丹]法神戒指	0	1	0	0	0	0	0	0	
[筑基]法神戒指	0	1	0	0	0	0	0	0	
法神戒指	0	1	0	0	0	0	0	0	
[渡劫]天尊头盔	0	1	0	0	0	0	0	0	
[元婴]天尊头盔	0	1	0	0	0	0	0	0	
[金丹]天尊头盔	0	1	0	0	0	0	0	0	
[筑基]天尊头盔	0	1	0	0	0	0	0	0	
天尊头盔	0	1	0	0	0	0	0	0	
[渡劫]天尊项链	0	1	0	0	0	0	0	0	
[元婴]天尊项链	0	1	0	0	0	0	0	0	
[金丹]天尊项链	0	1	0	0	0	0	0	0	
[筑基]天尊项链	0	1	0	0	0	0	0	0	
天尊项链	0	1	0	0	0	0	0	0	
[渡劫]天尊手镯	0	1	0	0	0	0	0	0	
[元婴]天尊手镯	0	1	0	0	0	0	0	0	
[金丹]天尊手镯	0	1	0	0	0	0	0	0	
[筑基]天尊手镯	0	1	0	0	0	0	0	0	
天尊手镯	0	1	0	0	0	0	0	0	
[渡劫]天尊戒指	0	1	0	0	0	0	0	0	
[元婴]天尊戒指	0	1	0	0	0	0	0	0	
[金丹]天尊戒指	0	1	0	0	0	0	0	0	
[筑基]天尊戒指	0	1	0	0	0	0	0	0	
天尊戒指	0	1	0	0	0	0	0	0	
荣誉勋章11号	0	1	0	0	0	0	0	0	
荣誉勋章12号	0	1	0	0	0	0	0	0	
荣誉勋章13号	0	1	0	0	0	0	0	0	
荣誉勋章14号	0	1	0	0	0	0	0	0	
荣誉勋章15号	0	1	0	0	0	0	0	0	
荣誉勋章21号	0	1	0	0	0	0	0	0	
荣誉勋章22号	0	1	0	0	0	0	0	0	
荣誉勋章23号	0	1	0	0	0	0	0	0	
荣誉勋章24号	0	1	0	0	0	0	0	0	
荣誉勋章25号	0	1	0	0	0	0	0	0	
荣誉勋章31号	0	1	0	0	0	0	0	0	
荣誉勋章32号	0	1	0	0	0	0	0	0	
荣誉勋章33号	0	1	0	0	0	0	0	0	
荣誉勋章34号	0	1	0	0	0	0	0	0	
荣誉勋章35号	0	1	0	0	0	0	0	0	
荣誉勋章41号	0	1	0	0	0	0	0	0	
荣誉勋章42号	0	1	0	0	0	0	0	0	
荣誉勋章43号	0	1	0	0	0	0	0	0	
荣誉勋章44号	0	1	0	0	0	0	0	0	
荣誉勋章45号	0	1	0	0	0	0	0	0	
[渡劫]龙牙	0	1	0	0	0	0	0	0	
[元婴]龙牙	0	1	0	0	0	0	0	0	
[金丹]龙牙	0	1	0	0	0	0	0	0	
[筑基]龙牙	0	1	0	0	0	0	0	0	
龙牙	0	1	0	0	0	0	0	0	
[渡劫]怒斩	0	1	0	0	0	0	0	0	
[元婴]怒斩	0	1	0	0	0	0	0	0	
[金丹]怒斩	0	1	0	0	0	0	0	0	
[筑基]怒斩	0	1	0	0	0	0	0	0	
怒斩	0	1	0	0	0	0	0	0	
[渡劫]逍遥扇	0	1	0	0	0	0	0	0	
[元婴]逍遥扇	0	1	0	0	0	0	0	0	
[金丹]逍遥扇	0	1	0	0	0	0	0	0	
[筑基]逍遥扇	0	1	0	0	0	0	0	0	
逍遥扇	0	1	0	0	0	0	0	0	
[渡劫]天魔神甲	0	1	0	0	0	0	0	0	
[元婴]天魔神甲	0	1	0	0	0	0	0	0	
[金丹]天魔神甲	0	1	0	0	0	0	0	0	
[筑基]天魔神甲	0	1	0	0	0	0	0	0	
天魔神甲	0	1	0	0	0	0	0	0	
[渡劫]圣战宝甲	0	1	0	0	0	0	0	0	
[元婴]圣战宝甲	0	1	0	0	0	0	0	0	
[金丹]圣战宝甲	0	1	0	0	0	0	0	0	
[筑基]圣战宝甲	0	1	0	0	0	0	0	0	
圣战宝甲	0	1	0	0	0	0	0	0	
[渡劫]法神披风	0	1	0	0	0	0	0	0	
[元婴]法神披风	0	1	0	0	0	0	0	0	
[金丹]法神披风	0	1	0	0	0	0	0	0	
[筑基]法神披风	0	1	0	0	0	0	0	0	
法神披风	0	1	0	0	0	0	0	0	
[渡劫]霓裳羽衣	0	1	0	0	0	0	0	0	
[元婴]霓裳羽衣	0	1	0	0	0	0	0	0	
[金丹]霓裳羽衣	0	1	0	0	0	0	0	0	
[筑基]霓裳羽衣	0	1	0	0	0	0	0	0	
霓裳羽衣	0	1	0	0	0	0	0	0	
[渡劫]天尊道袍	0	1	0	0	0	0	0	0	
[元婴]天尊道袍	0	1	0	0	0	0	0	0	
[金丹]天尊道袍	0	1	0	0	0	0	0	0	
[筑基]天尊道袍	0	1	0	0	0	0	0	0	
天尊道袍	0	1	0	0	0	0	0	0	
[渡劫]天师长袍	0	1	0	0	0	0	0	0	
[元婴]天师长袍	0	1	0	0	0	0	0	0	
[金丹]天师长袍	0	1	0	0	0	0	0	0	
[筑基]天师长袍	0	1	0	0	0	0	0	0	
天师长袍	0	1	0	0	0	0	0	0	
2000元宝	0	1	0	0	0	0	0	0	
5000元宝	0	1	0	0	0	0	0	0	
10000元宝	0	1	0	0	0	0	0	0	
20000元宝	0	1	0	0	0	0	0	0	
50000元宝	0	1	0	0	0	0	0	0	
100元宝	0	1	0	0	0	0	0	0	
200元宝	0	1	0	0	0	0	0	0	
500元宝	0	1	0	0	0	0	0	0	
1000元宝	0	1	0	0	0	0	0	0	
霸者之刃	0	1	0	0	0	0	0	0	
双倍秘籍	0	1	0	0	0	0	0	0	
强化基本剑术	0	1	0	0	0	0	0	0	
强化攻杀剑术	0	1	0	0	0	0	0	0	
强化刺杀剑术	0	1	0	0	0	0	0	0	
强化半月弯刀	0	1	0	0	0	0	0	0	
强化烈火剑法	0	1	0	0	0	0	0	0	
强化逐日剑法	0	1	0	0	0	0	0	0	
强化疾光电影	0	1	0	0	0	0	0	0	
强化雷电术	0	1	0	0	0	0	0	0	
强化火墙	0	1	0	0	0	0	0	0	
强化爆裂火焰	0	1	0	0	0	0	0	0	
强化冰咆哮	0	1	0	0	0	0	0	0	
强化灭天火	0	1	0	0	0	0	0	0	
强化流星火雨	0	1	0	0	0	0	0	0	
强化施毒术	0	1	0	0	0	0	0	0	
强化灵魂火符	0	1	0	0	0	0	0	0	
强化幽灵盾	0	1	0	0	0	0	0	0	
强化神圣战甲术	0	1	0	0	0	0	0	0	
强化召唤骷髅	0	1	0	0	0	0	0	0	
强化召唤神兽	0	1	0	0	0	0	0	0	
强化噬血术	0	1	0	0	0	0	0	0	
装备强化卷(+3)	0	1	0	0	0	0	0	0	
装备强化卷(+6)	0	1	0	0	0	0	0	0	
装备强化卷(+9)	0	1	0	0	0	0	0	0	
装备强化卷(+12)	0	1	0	0	0	0	0	0	
装备强化卷(+15)	0	1	0	0	0	0	0	0	
装备强化卷(+18)	0	1	0	0	0	0	0	0	
星级卷礼包	0	1	0	0	0	0	0	0	
星级提升卷(+1)	0	1	0	0	0	0	0	0	
星级提升卷(+2)	0	1	0	0	0	0	0	0	
星级提升卷(+3)	0	1	0	0	0	0	0	0	
攻击神水	0	1	1	0	0	0	0	0	
道力神水	0	1	1	0	0	0	0	0	
洗髓丹	0	1	0	0	0	0	0	0	
魔力神水	0	1	1	0	0	0	0	0	
金蚕丝包	0	1	1	0	0	0	0	0	
魔血石(赠)	0	1	1	0	0	0	0	0	
[渡劫]圣战战靴	0	1	0	0	0	0	0	0	
[元婴]圣战战靴	0	1	0	0	0	0	0	0	
[金丹]圣战战靴	0	1	0	0	0	0	0	0	
[筑基]圣战战靴	0	1	0	0	0	0	0	0	
圣战战靴	0	1	0	0	0	0	0	0	
[渡劫]法神魔靴	0	1	0	0	0	0	0	0	
[元婴]法神魔靴	0	1	0	0	0	0	0	0	
[金丹]法神魔靴	0	1	0	0	0	0	0	0	
[筑基]法神魔靴	0	1	0	0	0	0	0	0	
法神魔靴	0	1	0	0	0	0	0	0	
[渡劫]天尊道靴	0	1	0	0	0	0	0	0	
[元婴]天尊道靴	0	1	0	0	0	0	0	0	
[金丹]天尊道靴	0	1	0	0	0	0	0	0	
[筑基]天尊道靴	0	1	0	0	0	0	0	0	
天尊道靴	0	1	0	0	0	0	0	0	
[渡劫]圣战战带	0	1	0	0	0	0	0	0	
[元婴]圣战战带	0	1	0	0	0	0	0	0	
[金丹]圣战战带	0	1	0	0	0	0	0	0	
[筑基]圣战战带	0	1	0	0	0	0	0	0	
圣战战带	0	1	0	0	0	0	0	0	
[渡劫]法神魔带	0	1	0	0	0	0	0	0	
[元婴]法神魔带	0	1	0	0	0	0	0	0	
[金丹]法神魔带	0	1	0	0	0	0	0	0	
[筑基]法神魔带	0	1	0	0	0	0	0	0	
法神魔带	0	1	0	0	0	0	0	0	
[渡劫]天尊道带	0	1	0	0	0	0	0	0	
[元婴]天尊道带	0	1	0	0	0	0	0	0	
[金丹]天尊道带	0	1	0	0	0	0	0	0	
[筑基]天尊道带	0	1	0	0	0	0	0	0	
天尊道带	0	1	0	0	0	0	0	0	
星级提升卷(+4)	0	1	0	0	0	0	0	0	
铭文洗练石	0	1	0	0	0	0	0	0	
强化卷礼包	0	1	0	0	0	0	0	0	
[渡劫]黄金嗜魂	0	1	0	0	0	0	0	0	
[元婴]黄金嗜魂	0	1	0	0	0	0	0	0	
[金丹]黄金嗜魂	0	1	0	0	0	0	0	0	
[筑基]黄金嗜魂	0	1	0	0	0	0	0	0	
黄金嗜魂	0	1	0	0	0	0	0	0	
[渡劫]黄金道扇	0	1	0	0	0	0	0	0	
[元婴]黄金道扇	0	1	0	0	0	0	0	0	
[金丹]黄金道扇	0	1	0	0	0	0	0	0	
[筑基]黄金道扇	0	1	0	0	0	0	0	0	
黄金道扇	0	1	0	0	0	0	0	0	
[渡劫]雷霆甲男	0	1	0	0	0	0	0	0	
[元婴]雷霆甲男	0	1	0	0	0	0	0	0	
[金丹]雷霆甲男	0	1	0	0	0	0	0	0	
[筑基]雷霆甲男	0	1	0	0	0	0	0	0	
雷霆甲男	0	1	0	0	0	0	0	0	
[渡劫]雷霆甲女	0	1	0	0	0	0	0	0	
[元婴]雷霆甲女	0	1	0	0	0	0	0	0	
[金丹]雷霆甲女	0	1	0	0	0	0	0	0	
[筑基]雷霆甲女	0	1	0	0	0	0	0	0	
雷霆甲女	0	1	0	0	0	0	0	0	
[渡劫]烈焰衣男	0	1	0	0	0	0	0	0	
[元婴]烈焰衣男	0	1	0	0	0	0	0	0	
[金丹]烈焰衣男	0	1	0	0	0	0	0	0	
[筑基]烈焰衣男	0	1	0	0	0	0	0	0	
烈焰衣男	0	1	0	0	0	0	0	0	
[渡劫]烈焰衣女	0	1	0	0	0	0	0	0	
[元婴]烈焰衣女	0	1	0	0	0	0	0	0	
[金丹]烈焰衣女	0	1	0	0	0	0	0	0	
[筑基]烈焰衣女	0	1	0	0	0	0	0	0	
烈焰衣女	0	1	0	0	0	0	0	0	
[渡劫]光芒袍男	0	1	0	0	0	0	0	0	
[元婴]光芒袍男	0	1	0	0	0	0	0	0	
[金丹]光芒袍男	0	1	0	0	0	0	0	0	
[筑基]光芒袍男	0	1	0	0	0	0	0	0	
光芒袍男	0	1	0	0	0	0	0	0	
[渡劫]光芒袍女	0	1	0	0	0	0	0	0	
[元婴]光芒袍女	0	1	0	0	0	0	0	0	
[金丹]光芒袍女	0	1	0	0	0	0	0	0	
[筑基]光芒袍女	0	1	0	0	0	0	0	0	
光芒袍女	0	1	0	0	0	0	0	0	
[渡劫]雷霆头盔	0	1	0	0	0	0	0	0	
[元婴]雷霆头盔	0	1	0	0	0	0	0	0	
[金丹]雷霆头盔	0	1	0	0	0	0	0	0	
[筑基]雷霆头盔	0	1	0	0	0	0	0	0	
雷霆头盔	0	1	0	0	0	0	0	0	
[渡劫]雷霆项链	0	1	0	0	0	0	0	0	
[元婴]雷霆项链	0	1	0	0	0	0	0	0	
[金丹]雷霆项链	0	1	0	0	0	0	0	0	
[筑基]雷霆项链	0	1	0	0	0	0	0	0	
雷霆项链	0	1	0	0	0	0	0	0	
[渡劫]雷霆护腕	0	1	0	0	0	0	0	0	
[元婴]雷霆护腕	0	1	0	0	0	0	0	0	
[金丹]雷霆护腕	0	1	0	0	0	0	0	0	
[筑基]雷霆护腕	0	1	0	0	0	0	0	0	
雷霆护腕	0	1	0	0	0	0	0	0	
[渡劫]雷霆战戒	0	1	0	0	0	0	0	0	
[元婴]雷霆战戒	0	1	0	0	0	0	0	0	
[金丹]雷霆战戒	0	1	0	0	0	0	0	0	
[筑基]雷霆战戒	0	1	0	0	0	0	0	0	
雷霆战戒	0	1	0	0	0	0	0	0	
[渡劫]烈焰头盔	0	1	0	0	0	0	0	0	
[元婴]烈焰头盔	0	1	0	0	0	0	0	0	
[金丹]烈焰头盔	0	1	0	0	0	0	0	0	
[筑基]烈焰头盔	0	1	0	0	0	0	0	0	
烈焰头盔	0	1	0	0	0	0	0	0	
[渡劫]烈焰项链	0	1	0	0	0	0	0	0	
[元婴]烈焰项链	0	1	0	0	0	0	0	0	
[金丹]烈焰项链	0	1	0	0	0	0	0	0	
[筑基]烈焰项链	0	1	0	0	0	0	0	0	
烈焰项链	0	1	0	0	0	0	0	0	
[渡劫]烈焰护腕	0	1	0	0	0	0	0	0	
[元婴]烈焰护腕	0	1	0	0	0	0	0	0	
[金丹]烈焰护腕	0	1	0	0	0	0	0	0	
[筑基]烈焰护腕	0	1	0	0	0	0	0	0	
烈焰护腕	0	1	0	0	0	0	0	0	
[渡劫]烈焰魔戒	0	1	0	0	0	0	0	0	
[元婴]烈焰魔戒	0	1	0	0	0	0	0	0	
[金丹]烈焰魔戒	0	1	0	0	0	0	0	0	
[筑基]烈焰魔戒	0	1	0	0	0	0	0	0	
烈焰魔戒	0	1	0	0	0	0	0	0	
[渡劫]光芒头盔	0	1	0	0	0	0	0	0	
[元婴]光芒头盔	0	1	0	0	0	0	0	0	
[金丹]光芒头盔	0	1	0	0	0	0	0	0	
[筑基]光芒头盔	0	1	0	0	0	0	0	0	
光芒头盔	0	1	0	0	0	0	0	0	
[渡劫]光芒项链	0	1	0	0	0	0	0	0	
[元婴]光芒项链	0	1	0	0	0	0	0	0	
[金丹]光芒项链	0	1	0	0	0	0	0	0	
[筑基]光芒项链	0	1	0	0	0	0	0	0	
光芒项链	0	1	0	0	0	0	0	0	
[渡劫]光芒护腕	0	1	0	0	0	0	0	0	
[元婴]光芒护腕	0	1	0	0	0	0	0	0	
[金丹]光芒护腕	0	1	0	0	0	0	0	0	
[筑基]光芒护腕	0	1	0	0	0	0	0	0	
光芒护腕	0	1	0	0	0	0	0	0	
[渡劫]光芒道戒	0	1	0	0	0	0	0	0	
[元婴]光芒道戒	0	1	0	0	0	0	0	0	
[金丹]光芒道戒	0	1	0	0	0	0	0	0	
[筑基]光芒道戒	0	1	0	0	0	0	0	0	
光芒道戒	0	1	0	0	0	0	0	0	
[渡劫]雷霆战靴	0	1	0	0	0	0	0	0	
[元婴]雷霆战靴	0	1	0	0	0	0	0	0	
[金丹]雷霆战靴	0	1	0	0	0	0	0	0	
[筑基]雷霆战靴	0	1	0	0	0	0	0	0	
雷霆战靴	0	1	0	0	0	0	0	0	
[渡劫]烈焰魔靴	0	1	0	0	0	0	0	0	
[元婴]烈焰魔靴	0	1	0	0	0	0	0	0	
[金丹]烈焰魔靴	0	1	0	0	0	0	0	0	
[筑基]烈焰魔靴	0	1	0	0	0	0	0	0	
烈焰魔靴	0	1	0	0	0	0	0	0	
[渡劫]光芒道靴	0	1	0	0	0	0	0	0	
[元婴]光芒道靴	0	1	0	0	0	0	0	0	
[金丹]光芒道靴	0	1	0	0	0	0	0	0	
[筑基]光芒道靴	0	1	0	0	0	0	0	0	
光芒道靴	0	1	0	0	0	0	0	0	
[渡劫]雷霆腰带	0	1	0	0	0	0	0	0	
[元婴]雷霆腰带	0	1	0	0	0	0	0	0	
[金丹]雷霆腰带	0	1	0	0	0	0	0	0	
[筑基]雷霆腰带	0	1	0	0	0	0	0	0	
雷霆腰带	0	1	0	0	0	0	0	0	
[渡劫]烈焰腰带	0	1	0	0	0	0	0	0	
[元婴]烈焰腰带	0	1	0	0	0	0	0	0	
[金丹]烈焰腰带	0	1	0	0	0	0	0	0	
[筑基]烈焰腰带	0	1	0	0	0	0	0	0	
烈焰腰带	0	1	0	0	0	0	0	0	
[渡劫]光芒腰带	0	1	0	0	0	0	0	0	
[元婴]光芒腰带	0	1	0	0	0	0	0	0	
[金丹]光芒腰带	0	1	0	0	0	0	0	0	
[筑基]光芒腰带	0	1	0	0	0	0	0	0	
光芒腰带	0	1	0	0	0	0	0	0	
[渡劫]黄金屠龙	0	1	0	0	0	0	0	0	
[元婴]黄金屠龙	0	1	0	0	0	0	0	0	
[金丹]黄金屠龙	0	1	0	0	0	0	0	0	
[筑基]黄金屠龙	0	1	0	0	0	0	0	0	
[金丹]三眼手镯	0	1	0	0	0	0	0	0	
[渡劫]嗜魂法杖	0	1	0	0	0	0	0	0	
[元婴]嗜魂法杖	0	1	0	0	0	0	0	0	
[金丹]嗜魂法杖	0	1	0	0	0	0	0	0	
[筑基]嗜魂法杖	0	1	0	0	0	0	0	0	
嗜魂法杖	0	1	0	0	0	0	0	0	
时光守护[限时]	1	1	0	0	0	0	0	0	
重生之光[限时]	1	1	0	0	0	0	0	0	
勇者之剑[限时]	1	1	0	0	0	0	0	0	
鼓舞战鼓[限时]	1	1	0	0	0	0	0	0	
大地守护[限时]	1	1	0	0	0	0	0	0	
【攻杀】修真宝石	0	1	0	0	0	0	0	0	
【刺杀】修真宝石	0	1	0	0	0	0	0	0	
【圆月】修真宝石	0	1	0	0	0	0	0	0	
【烈火】修真宝石	0	1	0	0	0	0	0	0	
【开天斩】修真宝石	0	1	0	0	0	0	0	0	
【雷电】修真宝石	0	1	0	0	0	0	0	0	
【疾光】修真宝石	0	1	0	0	0	0	0	0	
【火墙】修真宝石	0	1	0	0	0	0	0	0	
【冰咆哮】修真宝石	0	1	0	0	0	0	0	0	
【魔法盾】修真宝石	0	1	0	0	0	0	0	0	
【灭天火】修真宝石	0	1	0	0	0	0	0	0	
【流星火雨】修真宝石	0	1	0	0	0	0	0	0	
【灵魂】修真宝石	0	1	0	0	0	0	0	0	
【噬血术】修真宝石	0	1	0	0	0	0	0	0	
【裂神符】修真宝石	0	1	0	0	0	0	0	0	
【攻击】修真宝石	0	1	0	0	0	0	0	0	
【经验】修真宝石	0	1	0	0	0	0	0	0	
【魔法】修真宝石	0	1	0	0	0	0	0	0	
【道术】修真宝石	0	1	0	0	0	0	0	0	
【敏捷】修真宝石	0	1	0	0	0	0	0	0	
【生命】修真宝石	0	1	0	0	0	0	0	0	
【法力】修真宝石	0	1	0	0	0	0	0	0	
【准确】修真宝石	0	1	0	0	0	0	0	0	
【速度】修真宝石	0	1	0	0	0	0	0	0	
【致命】修真宝石	0	1	0	0	0	0	0	0	
【吸收】修真宝石	0	1	0	0	0	0	0	0	
【伤害】修真宝石	0	1	0	0	0	0	0	0	
【防御】修真宝石	0	1	0	0	0	0	0	0	
【魔御】修真宝石	0	1	0	0	0	0	0	0	
赞助币+1	0	1	0	0	0	0	0	0	
赞助币+5	0	1	0	0	0	0	0	0	
内丹【攻】上限+5	0	1	0	0	0	0	0	0	
内丹【攻】下限+5	0	1	0	0	0	0	0	0	
内丹【物防】下限+5	0	1	0	0	0	0	0	0	
内丹【物防】上限+5	0	1	0	0	0	0	0	0	
内丹【魔防】上限+5	0	1	0	0	0	0	0	0	
内丹【魔防】下限+5	0	1	0	0	0	0	0	0	
内丹【生命】上限+50	0	1	0	0	0	0	0	0	
兽蛋(藏经法老)	0	1	0	0	0	0	0	0	
兽蛋(触龙神)	0	1	0	0	0	0	0	0	
兽蛋(巨型多角虫)	0	1	0	0	0	0	0	0	
兽蛋(祖玛卫士)	0	1	0	0	0	0	0	0	
兽蛋(沃玛战士)	0	1	0	0	0	0	0	0	
兽蛋(沃玛勇士)	0	1	0	0	0	0	0	0	
兽蛋(沃玛战将)	0	1	0	0	0	0	0	0	
兽蛋(火焰沃玛)	0	1	0	0	0	0	0	0	
兽蛋(沃玛卫士)	0	1	0	0	0	0	0	0	
兽蛋(沃玛教主)	0	1	0	0	0	0	0	0	
兽蛋(暗黑战士)	0	1	0	0	0	0	0	0	
兽蛋(粪虫)	0	1	0	0	0	0	0	0	
兽蛋(尸王)	0	1	0	0	0	0	0	0	
兽蛋(蜈蚣)	0	1	0	0	0	0	0	0	
兽蛋(黑色恶蛆)	0	1	0	0	0	0	0	0	
兽蛋(邪恶钳虫)	0	1	0	0	0	0	0	0	
兽蛋(跳跳蜂)	0	1	0	0	0	0	0	0	
兽蛋(巨型蠕虫)	0	1	0	0	0	0	0	0	
兽蛋(红野猪)	0	1	0	0	0	0	0	0	
兽蛋(黑野猪)	0	1	0	0	0	0	0	0	
兽蛋(白野猪)	0	1	0	0	0	0	0	0	
兽蛋(蝎蛇)	0	1	0	0	0	0	0	0	
兽蛋(邪恶毒蛇)	0	1	0	0	0	0	0	0	
兽蛋(大老鼠)	0	1	0	0	0	0	0	0	
兽蛋(祖玛弓箭手)	0	1	0	0	0	0	0	0	
兽蛋(祖玛雕像)	0	1	0	0	0	0	0	0	
兽蛋(月魔蜘蛛)	0	1	0	0	0	0	0	0	
兽蛋(暴牙蜘蛛)	0	1	0	0	0	0	0	0	
兽蛋(钢牙蜘蛛)	0	1	0	0	0	0	0	0	
兽蛋(天狼蜘蛛)	0	1	0	0	0	0	0	0	
兽蛋(黑锷蜘蛛)	0	1	0	0	0	0	0	0	
兽蛋(花吻蜘蛛)	0	1	0	0	0	0	0	0	
兽蛋(血巨人)	0	1	0	0	0	0	0	0	
兽蛋(邪恶巨人)	0	1	0	0	0	0	0	0	
兽蛋(双头血魔)	0	1	0	0	0	0	0	0	
兽蛋(双头金刚)	0	1	0	0	0	0	0	0	
兽蛋(暗之双头金刚)	0	1	0	0	0	0	0	0	
兽蛋(赤月恶魔)	0	1	0	0	0	0	0	0	
兽蛋(千年树妖)	0	1	0	0	0	0	0	0	
兽蛋(虹魔蝎卫)	0	1	0	0	0	0	0	0	
兽蛋(虹魔猪卫)	0	1	0	0	0	0	0	0	
兽蛋(虹魔教主)	0	1	0	0	0	0	0	0	
兽蛋(剧毒蜘蛛)	0	1	0	0	0	0	0	0	
兽蛋(多钩猫王)	0	1	0	0	0	0	0	0	
兽蛋(钉耙猫王)	0	1	0	0	0	0	0	0	
兽蛋(恶灵尸王)	0	1	0	0	0	0	0	0	
兽蛋(黄泉教主)	0	1	0	0	0	0	0	0	
兽蛋(暗之黄泉教主)	0	1	0	0	0	0	0	0	
兽蛋(牛头魔)	0	1	0	0	0	0	0	0	
兽蛋(牛魔斗士)	0	1	0	0	0	0	0	0	
兽蛋(牛魔战士)	0	1	0	0	0	0	0	0	
兽蛋(牛魔将军)	0	1	0	0	0	0	0	0	
兽蛋(牛魔法师)	0	1	0	0	0	0	0	0	
兽蛋(牛魔祭司)	0	1	0	0	0	0	0	0	
兽蛋(牛魔王)	0	1	0	0	0	0	0	0	
兽蛋(暗之牛魔王)	0	1	0	0	0	0	0	0	
兽蛋(暗之虹魔教主)	0	1	0	0	0	0	0	0	
兽蛋(暗之双头血魔)	0	1	0	0	0	0	0	0	
兽蛋(暗之沃玛教主)	0	1	0	0	0	0	0	0	
兽蛋(火龙神)	0	1	0	0	0	0	0	0	
兽蛋(骨翼蝠王)	0	1	0	0	0	0	0	0	
兽蛋(绿泥怪)	0	1	0	0	0	0	0	0	
兽蛋(龙骨鬼)	0	1	0	0	0	0	0	0	
兽蛋(刺脊冰狼)	0	1	0	0	0	0	0	0	
兽蛋(刺脊火狼)	0	1	0	0	0	0	0	0	
兽蛋(长毛猛犸象)	0	1	0	0	0	0	0	0	
兽蛋(黑刺领斑虎)	0	1	0	0	0	0	0	0	
兽蛋(白刺领斑虎)	0	1	0	0	0	0	0	0	
兽蛋(红鬃熊狸)	0	1	0	0	0	0	0	0	
兽蛋(雷炎蜘蛛)	0	1	0	0	0	0	0	0	
兽蛋(绿魔蜘蛛)	0	1	0	0	0	0	0	0	
兽蛋(圣地卫士)	0	1	0	0	0	0	0	0	
兽蛋(小鸡巴)	0	1	0	0	0	0	0	0	
兽蛋(圣龙王)	0	1	0	0	0	0	0	0	
兽蛋(魔龙王)	0	1	0	0	0	0	0	0	
稀有的珍宝箱	0	1	0	0	0	0	0	0	
稀有的财富宝箱	0	1	0	0	0	0	0	0	
完好的上古宝箱	0	1	0	0	0	0	0	0	
稀有的上古宝箱	0	1	0	0	0	0	0	0	
稀有的黄金宝箱	0	1	0	0	0	0	0	0	
飞仙者★战刀	0	1	0	0	0	0	0	0	
飞仙者★道剑	0	1	0	0	0	0	0	0	
飞仙者★魔刃	0	1	0	0	0	0	0	0	
强仙者★圣刀	0	1	0	0	0	0	0	0	
强仙者★圣扇	0	1	0	0	0	0	0	0	
强仙者★圣杖	0	1	0	0	0	0	0	0	
成仙者★仙刀	0	1	0	0	0	0	0	0	
成仙者★仙扇	0	1	0	0	0	0	0	0	
成仙者★仙杖	0	1	0	0	0	0	0	0	
灭世神★斩战	0	1	0	0	0	0	0	0	
灭世神★抹道	0	1	0	0	0	0	0	0	
灭世神★灭魔	0	1	0	0	0	0	0	0	
气血石	0	1	0	0	0	0	0	0	
飞仙者★男战袍	0	1	0	0	0	0	0	0	
飞仙者★女战袍	0	1	0	0	0	0	0	0	
飞仙者★男道袍	0	1	0	0	0	0	0	0	
飞仙者★女道袍	0	1	0	0	0	0	0	0	
飞仙者★男魔袍	0	1	0	0	0	0	0	0	
飞仙者★女魔袍	0	1	0	0	0	0	0	0	
强仙者★男战袍	0	1	0	0	0	0	0	0	
强仙者★女战袍	0	1	0	0	0	0	0	0	
强仙者★男道袍	0	1	0	0	0	0	0	0	
强仙者★女道袍	0	1	0	0	0	0	0	0	
强仙者★男魔袍	0	1	0	0	0	0	0	0	
强仙者★女魔袍	0	1	0	0	0	0	0	0	
成仙者★男战袍	0	1	0	0	0	0	0	0	
成仙者★女战袍	0	1	0	0	0	0	0	0	
成仙者★男道袍	0	1	0	0	0	0	0	0	
成仙者★女道袍	0	1	0	0	0	0	0	0	
成仙者★男魔袍	0	1	0	0	0	0	0	0	
成仙者★女魔袍	0	1	0	0	0	0	0	0	
灭世神★男战袍	0	1	0	0	0	0	0	0	
灭世神★女战袍	0	1	0	0	0	0	0	0	
灭世神★男道袍	0	1	0	0	0	0	0	0	
灭世神★女道袍	0	1	0	0	0	0	0	0	
灭世神★男魔袍	0	1	0	0	0	0	0	0	
灭世神★女魔袍	0	1	0	0	0	0	0	0	
飞仙者★战链	0	1	0	0	0	0	0	0	
飞仙者★道链	0	1	0	0	0	0	0	0	
飞仙者★魔链	0	1	0	0	0	0	0	0	
强仙者★战链	0	1	0	0	0	0	0	0	
强仙者★道链	0	1	0	0	0	0	0	0	
强仙者★魔链	0	1	0	0	0	0	0	0	
成仙者★战链	0	1	0	0	0	0	0	0	
成仙者★道链	0	1	0	0	0	0	0	0	
成仙者★魔链	0	1	0	0	0	0	0	0	
灭世神★战链	0	1	0	0	0	0	0	0	
灭世神★道链	0	1	0	0	0	0	0	0	
灭世神★魔链	0	1	0	0	0	0	0	0	
飞仙者★战盔	0	1	0	0	0	0	0	0	
飞仙者★道盔	0	1	0	0	0	0	0	0	
飞仙者★魔盔	0	1	0	0	0	0	0	0	
强仙者★战盔	0	1	0	0	0	0	0	0	
强仙者★道盔	0	1	0	0	0	0	0	0	
强仙者★魔盔	0	1	0	0	0	0	0	0	
成仙者★战盔	0	1	0	0	0	0	0	0	
成仙者★道盔	0	1	0	0	0	0	0	0	
成仙者★魔盔	0	1	0	0	0	0	0	0	
灭世神★战盔	0	1	0	0	0	0	0	0	
灭世神★道盔	0	1	0	0	0	0	0	0	
灭世神★魔盔	0	1	0	0	0	0	0	0	
飞仙者★战戒	0	1	0	0	0	0	0	0	
飞仙者★道戒	0	1	0	0	0	0	0	0	
飞仙者★魔戒	0	1	0	0	0	0	0	0	
强仙者★战戒	0	1	0	0	0	0	0	0	
强仙者★道戒	0	1	0	0	0	0	0	0	
强仙者★魔戒	0	1	0	0	0	0	0	0	
成仙者★战戒	0	1	0	0	0	0	0	0	
成仙者★道戒	0	1	0	0	0	0	0	0	
成仙者★魔戒	0	1	0	0	0	0	0	0	
灭世神★战戒	0	1	0	0	0	0	0	0	
灭世神★道戒	0	1	0	0	0	0	0	0	
灭世神★魔戒	0	1	0	0	0	0	0	0	
飞仙者★战镯	0	1	0	0	0	0	0	0	
飞仙者★道镯	0	1	0	0	0	0	0	0	
飞仙者★魔镯	0	1	0	0	0	0	0	0	
强仙者★战镯	0	1	0	0	0	0	0	0	
强仙者★道镯	0	1	0	0	0	0	0	0	
强仙者★魔镯	0	1	0	0	0	0	0	0	
成仙者★战镯	0	1	0	0	0	0	0	0	
成仙者★道镯	0	1	0	0	0	0	0	0	
成仙者★魔镯	0	1	0	0	0	0	0	0	
灭世神★战镯	0	1	0	0	0	0	0	0	
灭世神★道镯	0	1	0	0	0	0	0	0	
灭世神★魔镯	0	1	0	0	0	0	0	0	
飞仙者★战带	0	1	0	0	0	0	0	0	
飞仙者★道带	0	1	0	0	0	0	0	0	
飞仙者★魔带	0	1	0	0	0	0	0	0	
强仙者★战带	0	1	0	0	0	0	0	0	
强仙者★道带	0	1	0	0	0	0	0	0	
强仙者★魔带	0	1	0	0	0	0	0	0	
成仙者★战带	0	1	0	0	0	0	0	0	
成仙者★道带	0	1	0	0	0	0	0	0	
成仙者★魔带	0	1	0	0	0	0	0	0	
灭世神★战带	0	1	0	0	0	0	0	0	
灭世神★道带	0	1	0	0	0	0	0	0	
灭世神★魔带	0	1	0	0	0	0	0	0	
飞仙者★战靴	0	1	0	0	0	0	0	0	
飞仙者★道靴	0	1	0	0	0	0	0	0	
飞仙者★魔靴	0	1	0	0	0	0	0	0	
强仙者★战靴	0	1	0	0	0	0	0	0	
强仙者★道靴	0	1	0	0	0	0	0	0	
强仙者★魔靴	0	1	0	0	0	0	0	0	
成仙者★战靴	0	1	0	0	0	0	0	0	
成仙者★道靴	0	1	0	0	0	0	0	0	
成仙者★魔靴	0	1	0	0	0	0	0	0	
灭世神★战靴	0	1	0	0	0	0	0	0	
灭世神★道靴	0	1	0	0	0	0	0	0	
灭世神★魔靴	0	1	0	0	0	0	0	0	
沃玛护盾	0	1	0	0	0	0	0	0	
祖玛护盾	0	1	0	0	0	0	0	0	
赤月护盾	0	1	0	0	0	0	0	0	
魔龙护盾	0	1	0	0	0	0	0	0	
飞仙护盾	0	1	0	0	0	0	0	0	
强仙护盾	0	1	0	0	0	0	0	0	
成仙护盾	0	1	0	0	0	0	0	0	
灭世神盾	0	1	0	0	0	0	0	0	
石墓七层传送卷	0	1	0	0	0	0	0	0	
沃玛三层传送卷	0	1	0	0	0	0	0	0	
封魔殿传送卷	0	1	0	0	0	0	0	0	
牛魔大厅传送卷	0	1	0	0	0	0	0	0	
幻境十层传送卷	0	1	0	0	0	0	0	0	
死亡棺材传送卷	0	1	0	0	0	0	0	0	
尸魔三层传送卷	0	1	0	0	0	0	0	0	
尸王殿传送卷	0	1	0	0	0	0	0	0	
阎王殿传送卷	0	1	0	0	0	0	0	0	
赤月魔穴传送卷	0	1	0	0	0	0	0	0	
恶魔祭坛传送卷	0	1	0	0	0	0	0	0	
祖玛之家传送卷	0	1	0	0	0	0	0	0	
骨魔五层传送卷	0	1	0	0	0	0	0	0	
圣者天堂传送卷	0	1	0	0	0	0	0	0	
洞天福地传送卷	0	1	0	0	0	0	0	0	
火龙洞穴传送卷	0	1	0	0	0	0	0	0	
雷炎洞穴传送卷	0	1	0	0	0	0	0	0	
静之雪域传送卷	0	1	0	0	0	0	0	0	
祖玛18阁传送卷	0	1	0	0	0	0	0	0	
海底龙宫传送卷	0	1	0	0	0	0	0	0	
轮回海传送卷	0	1	0	0	0	0	0	0	
荒古禁地传送卷	0	1	0	0	0	0	0	0	
天之颠传送卷	0	1	0	0	0	0	0	0	
中级传送卷礼包	0	1	0	0	0	0	0	0	
高级传送卷礼包	0	1	0	0	0	0	0	0	
终极传送卷礼包	0	1	0	0	0	0	0	0	
