[@刷怪1]
{

3 326 327 红☆经验猪 0 1 60 0 @ @ @ -1 1
3 335 327 红☆经验猪 0 1 60 0 @ @ @ -1 1
3 335 333 红☆经验猪 0 1 60 0 @ @ @ -1 1
3 326 333 红☆经验猪 0 1 60 0 @ @ @ -1 1
3 353 338 白☆经验猪 0 1 60 0 @ @ @ -1 1


bbzj    100 100    巨型多角    100    10    10
bbzj    100 100    兽人战神    100    10    10
bbzj    100 100    地牢锤手    100    10    10
bbzj    100 100    圣地卫士    100    10    10
bbzj    100 100    修仙虎卫    100    10    10



;比齐城
0137	21  11     练功师	  0	 1     10
0144     6  16     练功师	  0	 1     10
0111   10   13     练功师         0      1     10

D412A   50   50     僵尸40      50     2        15
D412A   50   50     僵尸4       50     30       9


;比奇大地图
0      665  86     弓箭守卫    0      1        1
0      672  93     弓箭守卫    0      1        1     

;轨榜->厚玫 泵荐
2      417  558    弓箭守卫    0      1        1
2      416  559    弓箭守卫    0      1        1     
2      423  566    弓箭守卫    0      1        1     
2      424  565    弓箭守卫    0      1        1     

;惫版付阑
0      340   513   弓箭守卫   0      1        1
0      341   514   弓箭守卫   0      1        1

0      367   487   弓箭守卫   0      1        1
0      368   488   弓箭守卫   0      1        1

;厚玫己救
0      318   244     弓箭守卫    0      1        1
0      300   207     弓箭守卫    0      1        1
0      310   227     弓箭守卫    0      1        1
0      313   230     弓箭守卫    0      1        1
0      309   286     弓箭守卫    0      1        1
0      329   289     弓箭守卫    0      1        1
0      355   280     弓箭守卫    0      1        1
0      362   301     弓箭守卫    0      1        1
0      374   291     弓箭守卫    0      1        1

;根锰配己
3      331   317     弓箭守卫    0      1        1
3      327   313     弓箭守卫    0      1        1
3      348   332     弓箭守卫    0      1        1
3      296   334     弓箭守卫    0      1        1
3      302   340     弓箭守卫    0      1        1
3      305   290     弓箭守卫    0      1        1
3      288   305     弓箭守卫    0      1        1
3      302   370     弓箭守卫    0      1        1


;轨狼拌邦付阑
2      510   479     弓箭守卫    0      1        1

;篮青唱公榜
0      567   621   弓箭守卫   0      1        1
0      600   576   弓箭守卫   0      1        1
0      662   558   弓箭守卫   0      1        1

;快搁剑 涝备 厚玫->快搁剑
0      320   36     弓箭守卫   0      1        1
0      327   42     弓箭守卫   0      1        1
;快搁剑->厚玫
1      566   544    弓箭守卫   0      1        1
1      555   544    弓箭守卫   0      1        1

;泵荐  根锰->轨榜
3      273  743    弓箭守卫    0      1        1     
3      274  744    弓箭守卫    0      1        1     

3      512  770    弓箭守卫    0      1        1     
3      519  777    弓箭守卫    0      1        1     

;轨榜 -> 根锰
2      292  60     弓箭守卫    0      1        1    
2      298  65     弓箭守卫    0      1        1    

2      552  80     弓箭守卫    0      1        1    
2      560  88     弓箭守卫    0      1        1  

;沃玛森林--白日门
1        46    39    弓箭守卫    0      1        1
1        52    33    弓箭守卫    0      1        1
11       43   480    弓箭守卫    0      1        1
11       49   474    弓箭守卫    0      1        1
11 	353  246     弓箭守卫    0      1        1	
11 	357  243     弓箭守卫    0      1        1
12 	327  468     弓箭守卫    0      1        1
12 	320  474     弓箭守卫    0      1        1  

;仓月岛
5        136    336    弓箭守卫    0      1        1
5        131    301    弓箭守卫    0      1        1
5        140    362    弓箭守卫    0      1        1
5        169    352    弓箭守卫    0      1        1
5        164    357    弓箭守卫    0      1        1
5        122    334    弓箭守卫    0      1        1
5        143    324    弓箭守卫    0      1        1
5        122    334    弓箭守卫    0      1        1
5        143    324    弓箭守卫    0      1        1

5        143    324    地牢锤手   300    50       30
5        143    324    圣地卫士   300    50       30


E605	10	61			 弓箭守卫		 0			1				 20
E605	15	68			 弓箭守卫		 0			1				 20

D601	13	196			 弓箭守卫		 0			1				 20
D601	7	201			 弓箭守卫		 0			1			         20




E601	139	13			 弓箭守卫		 0			1				 20
E601	138	12			 弓箭守卫		 0			1				 20

D422	332	380			 弓箭守卫		 0			1				 20
D422	328	384			 弓箭守卫		 0			1				 20

0      637    636   鹿   10       10       1
0      637    636   稻草人   10       10       1

0      350   200   鸡       25       10       1
0      280   260   稻草人       25       10       1
0      405   240   鹿       25       10       1
0      340   310   鸡       25       10       1
0      350   200   鸡       25       10       1
0      280   260   鸡       25       20       1
0      405   240   鸡       25       20       1
0      340   310   鸡       25       20       1

0      330   268   鸡       25       10       1
0      330   268   稻草人       25       10       1
0      330   268   鹿       25       10       1
0      330   268   多钩猫       25       10       1
;
;厚玫己合率
0      110   60    稻草人   70       10       1
0      110   80    多钩猫   60       10       1
0      220   60    稻草人   60       10       1
0      150   130   多钩猫   50       10       1
0      140   100   钉耙猫   50       10       1
0      90    240   半兽人   60       10       1       2
0      65    185   毒蜘蛛   30       10       1
0      120   200   食人花   60       10       1       
0      210   185   鹿       45       10       1
0      265   125   鹿       45       10       1
0      310   95    鹿       45       10       1
0      225   20    蛤蟆     20       10       1
0      280   380   蛤蟆     20       10       1
0      340   80    蛤蟆     20       10       1
0      60    300   毒蜘蛛   60       10       1

0      60    300   毒蜘蛛   60       10       1
;
;厚玫己悼率
0      420   95    半兽人   50       10       1
0      570   120   毒蜘蛛   80       10       1
0      615   110   毒蜘蛛   50       10       1
0      560   200   半兽人   90       10       1
0      620   370   毒蜘蛛   60       10       1
;
;厚玫己巢率
0      420   380   鹿        45       10        1
0      470   330   鹿        45       10        1
0      395   420   蛤蟆      40       10        1
0      475   500   食人花    90       10        1
0      405   515   蛤蟆      30       10        1
0      500   400   稻草人    50       10        1
0      510   410   多钩猫    50       10        1
0      510   410   钉耙猫    50       10        1
0      560   320   半兽人    90       10        1
0      480   450   半兽人    60       10        1
0      600   400   森林雪人  70       10        1
0      600   400   半兽人    80       10        1
0      610   405   食人花    60       10        1
0      650   420   毒蜘蛛    30       10        1

0      600   580   鹿        40       10        1
0      663   661   鸡        20       10        1
0      540   530   稻草人    70       10        1
0      550   550   鹿        70       10        1
0      570   610   鹿        50       10        1
0      640   520   多钩猫    50       10        1
0      640   520   钉耙猫    50       10        1
0      640   530   稻草人     50      10        1

0      330   260   多钩猫    50       30        1
0      330   260   钉耙猫    50       30        1
0      330   260   鹿        50       20        1
0      330   260   鸡        50       30        1
0      330   260   稻草人    50       40        1
;
;厚玫己辑率
;比奇大城内

0	332	252	鹿		140	10	1
0	332	252	鸡		160	15	1
0	332	252	鹿		140	10	1
0	317	291	鸡		160	15	1
0	317	249	鸡		160	15	1


0	230	350	鹿		130	15	1
0	440	350	鹿		130	15	1
0	440	150	鹿		130	15	1


0	230	350	稻草人		130	10	1
0	440	350	稻草人		130	10	1
0	440	150	稻草人		130	10	1


0	230	350	多钩猫		130	10	1
0	440	350	多钩猫		130	10	1
0	440	150	多钩猫		130	10	1


0	230	350	钉耙猫		130	20	2
0	440	350	钉耙猫		130	20	2
0	440	150	钉耙猫		130	20	2


0	230	350	蛤蟆		130	16	1
0	440	350	蛤蟆		130	16	1
0	440	150	蛤蟆		130	16	1


0	350	200	鸡		125	20	1
0	280	260	鸡		125	20	1
0	405	240	鸡		125	20	1
0	340	310	鸡		125	20	1
0	110	60	稻草人		170	20	1
0	110	80	多钩猫		160	20	1
0	220	60	稻草人		160	20	1
0	150	130	多钩猫		150	20	1
0	140	100	钉耙猫		150	20	1
0	90	240	半兽人		160	20	1
0	65	185	毒蜘蛛		130	20	1
0	120	200	食人花		160	20	1
0	210	185	鹿		145	20	1
0	265	125	鹿		145	20	1
0	310	95	鹿		145	20	1
0	225	20	蛤蟆		120	25	1
0	280	380	蛤蟆		120	25	1
0	340	80	蛤蟆		120	25	1
0	60	300	毒蜘蛛		160	20	1

0	420	95	半兽人		50	10	1
0	570	120	毒蜘蛛		80	10	1
0	615	110	毒蜘蛛		50	10	1
0	560	200	半兽人		90	10	1
0	620	370	毒蜘蛛		60	10	1

0	420	380	鹿		145	10	1
0	470	330	鹿		145	10	1
0	395	420	蛤蟆		140	10	1
0	475	500	食人花		190	10	1
0	405	515	蛤蟆		130	10	1
0	500	400	稻草人		150	10	1
0	510	410	多钩猫		150	10	1
0	510	410	钉耙猫		150	10	1
0	560	320	半兽人		190	10	1
0	480	450	半兽人		160	10	1
0	600	400	森林雪人	170	10	1
0	600	400	半兽人		180	10	1
0	610	405	食人花		160	10	1
0	650	420	毒蜘蛛		130	10	1

0	205	325	鹿		150	10	1
0	260	380	鹿		150	10	1
0	300	410	蛤蟆		150	10	1
0	200	400	稻草人		150	10	1
0	180	420	多钩猫		150	10	1
0	180	420	钉耙猫		150	10	1
0	110	425	森林雪人	170	10	1
0	110	440	半兽人		170	10	1
0	220	470	半兽人		170	10	1
0	140	500	半兽人		150	10	1
0	130	510	食人花		170	10	1
0	165	550	森林雪人	160	10	1
0	340	550	钉耙猫		150	10	1
0	340	550	多钩猫		150	10	1
0	340	550	鹿		150	10	1
0	247	565	鹿		150	10	1
0	330	530	稻草人		140	10	1
0	270	625	鹿		160	10	1
0	270	625	稻草人		160	10	1
0	295	625	鸡		150	10	1
0	645	625	鸡		40	10	1
0	645	625	鹿		60	10	1
;
;惫版付阑
0      295   625   鸡       50       10       1

;
;篮青唱公榜
0       645   625   鸡          40      10      1

0     200   400   稻草人0         50    10    1
0     180   420   多钩猫0         50    10    1
0     180   420   钉耙猫0         50    10    1
0     640   520   多钩猫0         50    10    1
0     640   520   钉耙猫0         50    10    1
0     640   530   稻草人0         50    10    1
0     540   530   稻草人0         70    10    1
0     500   400   稻草人0         50    10    1
0     510   410   多钩猫0         50    10    1
0     510   410   钉耙猫0         50    10    1
0     340   550   钉耙猫0         50    10    1
0     340   550   多钩猫0         50    10    1
0     330   530   稻草人0         40    10    1
0     270   625   稻草人0         60    10    1
;==================================================================
0	230	350	稻草人		130	10	1
0	440	350	稻草人		130	10	1


0	230	350	多钩猫		130	10	1
0	440	350	多钩猫		130	10	1


0	230	350	钉耙猫		130	20	2
0	440	350	钉耙猫		130	20	2
0	440	150	钉耙猫		130	20	2


0	230	350	蛤蟆		130	16	1
0	440	350	蛤蟆		130	16	1





0	420	95	半兽人		50	10	1
0	570	120	毒蜘蛛		80	10	1
0	615	110	毒蜘蛛		50	10	1
0	560	200	半兽人		90	10	1
0	620	370	毒蜘蛛		60	10	1


0	395	420	蛤蟆		140	10	1
0	475	500	食人花		190	10	1
0	405	515	蛤蟆		130	10	1
0	500	400	稻草人		150	10	1
0	510	410	多钩猫		150	10	1
0	510	410	钉耙猫		150	10	1
0	560	320	半兽人		190	10	1
0	480	450	半兽人		160	10	1
0	600	400	森林雪人	170	10	1
0	600	400	半兽人		180	10	1
0	610	405	食人花		160	10	1
0	650	420	毒蜘蛛		130	10	1

0	205	325	鹿		150	10	1
0	260	380	鹿		150	10	1
0	300	410	蛤蟆		150	10	1
0	200	400	稻草人		150	10	1
0	180	420	多钩猫		150	10	1
0	180	420	钉耙猫		150	10	1
0	110	425	森林雪人	170	10	1
0	110	440	半兽人		170	10	1
0	220	470	半兽人		170	10	1
0	140	500	半兽人		150	10	1
0	130	510	食人花		170	10	1
0	165	550	森林雪人	160	10	1
0	340	550	钉耙猫		150	10	1
0	340	550	多钩猫		150	10	1
0	340	550	鹿		150	10	1
0	247	565	鹿		150	10	1
0	330	530	稻草人		140	10	1
0	270	625	鹿		160	10	1
0	270	625	稻草人		160	10	1



0     200   400   稻草人0         50    10    1
0     180   420   多钩猫0         50    10    1
0     180   420   钉耙猫0         50    10    1
0     640   520   多钩猫0         50    10    1
0     640   520   钉耙猫0         50    10    1
0     640   530   稻草人0         50    10    1
0     540   530   稻草人0         70    10    1
0     500   400   稻草人0         50    10    1
0     510   410   多钩猫0         50    10    1
0     510   410   钉耙猫0         50    10    1
0     340   550   钉耙猫0         50    10    1
0     340   550   多钩猫0         50    10    1
0     330   530   稻草人0         40    10    1
0     270   625   稻草人0         60    10    1
;====================================================================

1      145   60     森林雪人     80       15        1
1      145   60     森林雪人     80       15        1
1      302   164    半兽人       150      10       1
1      302   164    半兽战士     150      10        1
1      302   164    半兽勇士     150      2         60
1      302   164    森林雪人     150      10       1
1      352   382    半兽人       100      10        1
1      352   382    半兽战士     100      10        1
1      352   382    半兽勇士     100      4         60
1      250   230    森林雪人     230      10       1
1      250   230    半兽人       230      10       1
1      250   230    半兽战士     230      10        1
1      250   230    半兽勇士     230      1         60
1      219   381    半兽人       100      10        1
1      219   381    半兽战士     100      10        1
1      219   381    半兽勇士     100      4         60
1      219   381    森林雪人     100      10       1
1      238   511    毒蜘蛛       80       10        1
1      497   465    钉耙猫       50       10        1
1      497   445    多钩猫       50       10        1
1      250   250    食人花       250      10       1

1      250   250    森林雪人0    250      5      10
1      250   250    半兽人0      250      5      12
1      250   250    半兽战士0    250      5      14
1      250   250    钉耙猫0      250      5      16
1      250   250    多钩猫0      250      5      10



;白日门
11      108   422    森林雪人    50       10       1
11      108   422    半兽人      50       10       1
11      108   422    半兽战士    50       10       1
11      108   422    半兽勇士10  50       10      2
11      108   422    半兽统领    50        2      60
11      147   211    森林雪人    80       10       1
11      147   211    半兽战士    80       10       1
11      147   211    半兽勇士10  80       10      1
11      147   211    半兽统领    80        2      60
11      321   266    森林雪人    80       10       1
11      321   266    半兽战士    80       10       1
11      321   266    半兽勇士10  80       10      1
11      321   266    半兽统领    80        3      1
11      348   132    半兽人      100       10      1
11      348   132    半兽战士    80       10       1
11      348   132    半兽勇士10  80       10      1
11      348   132    半兽统领    80        2      60
11      348   132    森林雪人   100       10       1
11      348   132      雪人王   100        2     120
11      177   322      虎卫   70        30     30

11      380   270    钉耙猫王    80        1     120
11      380   270    钉耙猫      90       10       8
11      100   450    多钩猫      90       10       7
11      100   450    多钩猫王    80        1     120

11      147   211    毒蜘蛛      60       10       6
11      147   211    剧毒蜘蛛    60        3      30
11      147   211    天狼蜘蛛    60       10      30
11      321   266    毒蜘蛛      80       10       7
11      321   266    剧毒蜘蛛    80        4      30
11      348   132    毒蜘蛛      60       10       8
11      348   132    剧毒蜘蛛    60        3      30
11       45   380    食人花     100       10       9
11      360   255    天狼蜘蛛    80       10      15

11      321   266    半兽勇士    80        3      60
11      147   211    半兽勇士    80        3      60
11      348   132    半兽勇士    80        3      60
11      108   422    森林雪人0   50        3      12
11      321   266    半兽人0     50        5      15
11      132   185    半兽战士0   50        5      30
11      380   270    钉耙猫0     50        5      14
11      100   450    多钩猫0     50        5      13
11      360   255    天狼蜘蛛0   80        10      60
;11      184   317   猎鹰       200       10      20
;11      184   317   猎鹰0      200       1      30
;11      184   317   神鹰       200       1        240

;森林迷宫
12      100    60    天狼蜘蛛   100       10      1
12      100    60    暴牙蜘蛛   100       10      1
12      100    60    花吻蜘蛛   100       10      1
12      290   160    天狼蜘蛛   100       10       1
12      290   160    暴牙蜘蛛   100       10      1
12      290   160    花吻蜘蛛   100       10      1
12       50   300    天狼蜘蛛   100       10       1
12       50   300    暴牙蜘蛛   100       10      1
12       50   300    花吻蜘蛛   100       10      1
12       80   220    天狼蜘蛛   100       10       1
12       80   220    暴牙蜘蛛   100       10      1
12       80   220    花吻蜘蛛   100       10      1
12	160   210    天狼蜘蛛   100       10       1
12	160   210    暴牙蜘蛛   100       10      1
12	160   210    花吻蜘蛛   100       10      1
12      190   330    天狼蜘蛛   100       10       1
12      190   330    暴牙蜘蛛   100       10      1
12      190   330    花吻蜘蛛   100       10      1
12      288   328    剧毒蜘蛛   100       10       1
12	288   328    天狼蜘蛛   100       10       1
12	288   328    暴牙蜘蛛   100       10      1
12	288   328    花吻蜘蛛   100       10      1
12      190   330    剧毒蜘蛛   250      10       1

12      290   160    天狼蜘蛛0   50       10      1
12      100    60    暴牙蜘蛛0   50       10      1
12       50   300    花吻蜘蛛0   50        10     1
12       50   300    鹰卫       150        1      240

;
;带傈  1摸
D001   200   200   蝎子        200  10       1
D001   200   200   骷髅        200  10       1
D001   200   200   骷髅战士    200  10       1
D001   200   200   洞蛆        200   25       1
D001   200   200   山洞蝙蝠    200  10       1     100
D001   200   200   山洞蝙蝠    200   28        1

D001   200   200   骷髅战士0   200   10         1
D001   200   200   骷髅0       200   10         1

;带怜1 1摸 规
D001   190   125   蝎子        30       14        1
D001   250   260   骷髅        30       14        1
D001   250   90    山洞蝙蝠    30       14        1
D001   30    30    山洞蝙蝠    50       10       1

;带傈1 2摸
D002   200   200   洞蛆        200   10        1
D002   200   200   骷髅战士    200   10       1
D002   200   200   掷斧骷髅    200   10        1
D002   200   200   骷髅战将    200   10       1
D002   200   200   骷髅        200   10        1
D002   200   200   山洞蝙蝠    200   15        1     50
D002   200   200   山洞蝙蝠    200   10        1
D002   300   230   山洞蝙蝠    30    10        1
D002   200   200   骷髅精灵    200   2         10

D002   200   200   骷髅战士0   200   10        5
D002   200   200   掷斧骷髅0   200   10        7
D002   200   200   骷髅战将0   200   10        9
D002   200   200   骷髅0       200   10        6


;带傈1 3摸
D003   200   200   洞蛆        200   20        1
D003   200   200   骷髅战士    200  10       1
D003   200   200   掷斧骷髅    200   20        1
D003   200   200   骷髅战将    200  10       1
D003   200   200   骷髅        200  10       1
D003   200   200   山洞蝙蝠    200   15        1      50
D003   200   200   山洞蝙蝠    200   20        1
D003   200   200   骷髅精灵    200   2         60

D003   200   200   骷髅战士0   200   10         5
D003   200   200   掷斧骷髅0   200   10         6
D003   200   200   骷髅战将0   200   10         7
D003   200   200   骷髅0       200   10         8
D003   200   200   山洞蝙蝠0   200   10         9  


;带傈2  1摸
D011   200   200   骷髅        200  10       1
D011   200   200   骷髅战士    200  10       1
D011   200   200   蝎子        200  10       1
D011   200   200   山洞蝙蝠    200  10       1   100
D011   200   200   山洞蝙蝠    200   28        1   100
D011   200   200   洞蛆        200  10       1
D011   200   200   骷髅精灵    200   1         10

D011   200   200   骷髅0       200   10        1
D011   200   200   骷髅战士0   200   10         1
D011   200   200   山洞蝙蝠0   200   10         1


;带傈2  2摸
D012   200   200   骷髅        200   20        1
D012   200   200   骷髅战士    200  10       1
D012   200   200   骷髅战将    200  10       1
D012   200   200   掷斧骷髅    200  10       1
D012   200   200   蝎子        200  10       1
D012   200   200   洞蛆        200   20        1
D012   200   200   山洞蝙蝠    200   15       3    100
D012   200   200   山洞蝙蝠    200   20        5
D012   200   200   山洞蝙蝠    200   5        7    100
D012   200   200   山洞蝙蝠    200   5        8    100
D012   200   200   山洞蝙蝠    200   5        9    100
D012   200   200   骷髅精灵    200   2         60

D012   200   200   骷髅0       200   10         3
D012   200   200   骷髅战士0   200   10         5
D012   200   200   骷髅战将0   200   10         7
D012   200   200   掷斧骷髅0   200   10         9
D012   200   200   山洞蝙蝠0   200   10         6


;1锅 甘  快付脚傈
;
;快付脚傈涝备
D021   50   44     山洞蝙蝠      60    20        3
D021   50   44     山洞蝙蝠      60    10       5   100
D021   50   44     山洞蝙蝠      60    10        7   100
D021   50   44     山洞蝙蝠      60    10       8   100
D021   50   44     山洞蝙蝠      60    10        6  100
D021   50   44     山洞蝙蝠      60    10        5  100
D021   50   44     山洞蝙蝠      60    10        4   100
D021   50   44     山洞蝙蝠      60    10        8   100
D021   50   44     山洞蝙蝠      60    10        7   100
D021   50   44     洞蛆          60    10        2
D021   50   44     山洞蝙蝠0     60    2         5

;快付脚傈  1摸 固肺
D022   250  250    粪虫          250   20       1
D022   250  250    沃玛战士      250   20       1
D022   250  250    沃玛勇士      250   20       1
D022   250  250    沃玛战将      250   20       1
D022   250  250    火焰沃玛      250   20       1
D022   200  200    沃玛卫士      200    2       90
D022   250  250    山洞蝙蝠      250   10       5    100
D022   250  250    山洞蝙蝠      250   10       6    100
D022   250  250    山洞蝙蝠      250   10       8    100
D022   250  250    山洞蝙蝠      250   10       4    100
D022   250  250    山洞蝙蝠      250   10       6    100
D022   250  250    山洞蝙蝠      250   10       5    100
D022   250  250    山洞蝙蝠      250   10       8    100
D022   250  250    山洞蝙蝠      250   10       3    100

D022   250  250    沃玛战士0     250   2        10
D022   250  250    沃玛勇士0     250   2        11
D022   250  250    沃玛战将0     250   2        12 
D022   250  250    火焰沃玛0     250   2        13
D022   250  250    山洞蝙蝠0     250   2        14
D022   250  250    山洞蝙蝠0     250   2        15


;快付脚傈  2摸  固肺
D023   200  200    暗黑战士      200    20      1
D023   200  200    粪虫          200    20      1
D023   200  200    沃玛战士      200    20      1
D023   200  200    沃玛勇士      200    20      1
D023   200  200    沃玛战将      200    20      1
D023   200  200    火焰沃玛      200    20      1
D023   200  200    沃玛卫士      200    2       60
D023   200  200    山洞蝙蝠      200    20      9    100
D023   200  200    山洞蝙蝠      200    20      11    100
D023   200  200    山洞蝙蝠      200    20      9    100
D023   200  200    山洞蝙蝠      200    20      1

D023   200  200    暗黑战士0     200    2       10
D023   200  200    沃玛战士0     200    2       11
D023   200  200    沃玛勇士0     200    2       12
D023   200  200    沃玛战将0     200    2       13
D023   200  200    火焰沃玛0     200    2       14
D023   200  200    山洞蝙蝠0     200    2       15



;沃玛教主规
D024   50   50     双头血魔      20     1         60
D024   50   50     双头金刚      20     1         60

D024   50   50     沃玛教主      20     1         60
D024   50   50     沃玛卫士      30     1         60
D024   40   40     沃玛勇士      20     10        3	50
D024   40   40     沃玛战将      20     10        4	50
D024   40   40     火焰沃玛      20     10        5	50
D024   40   40     暗黑战士      20     10        6	50
D024   50   50     沃玛勇士      20     14        7	50
D024   50   50     沃玛战将      20     14        8	50
D024   50   50     火焰沃玛      20     14        9	50
D024   50   50     暗黑战士      20     10        10	50
D024   60   60     沃玛勇士      20     10        5	50
D024   60   60     沃玛战将      20    10         4	50
D024   60   60     火焰沃玛      20     10        6	50
D024   60   60     暗黑战士      20     10        7	50
D024   40   50     沃玛勇士      20     6         8
D024   40   50     沃玛战将      20     6         9
D024   40   50     火焰沃玛      20     6         3
D024   40   50     暗黑战士      20     10        4
D024   50   40     沃玛勇士      20     10        5
D024   50   40     沃玛战将      20     10        6
D024   50   40     火焰沃玛      20     10        7
D024   50   40     暗黑战士      20     10        3
D024   60   50     沃玛勇士      20     10        4
D024   60   50     沃玛战将      20     10        5
D024   60   50     火焰沃玛      20     10        6
D024   60   50     暗黑战士      20     10        7
D024   50   60     沃玛勇士      20     10        8
D024   50   60     沃玛战将      20     10        9
D024   50   60     火焰沃玛      20    10         3
D024   50   60     暗黑战士      20     10        4
D024   83   84     沃玛勇士      7      10        5
D024   83   84     沃玛战将      7      10        6
D024   83   84     火焰沃玛      7      10        7
D024   83   84     暗黑战士      7      16        8
D024   20   21     沃玛勇士      7      20        9
D024   20   21     沃玛战将      7      20        5
D024   20   21     火焰沃玛      7      20        4
D024   20   21     暗黑战士      7      16        3


D024   42   49     暗黑战士0     30     2        10
D024   42   49     沃玛勇士0     30     2        15
D024   42   49     沃玛战将0     30     2        16
D024   42   49     火焰沃玛0     30     2        17

F013 26 23  千年树妖 0 1 60
F013 23 37  沃玛教皇 0 1 60
F013 23 23  地狱犬 10 25 60


;2锅

2      250  250    食人花        200    20       1
2      100  250    毒蜘蛛        60     20       1
2      350  100    毒蜘蛛        50     20       1
2      260  200    多钩猫        60     20       1
2      260  200    红蛇          60     20       1
2      260  170    钉耙猫        60     20       1
2      260  170    红蛇          60     20       1
2      420  80     毒蜘蛛        50     20       1
2      448  362    虎蛇          60     20       1


2      300  330    半兽人        100    20      1
2      400  130    半兽人        100    25       1
2      300  400    多钩猫        200    20       1
2      300  400    钉耙猫        200    20       1

2      300  400    红蛇0         200    1        10
2      300  400    多钩猫0       200    1        11
2      300  400    钉耙猫0       200    1        10
2      300  400    虎蛇0         200    1        12
2      300  400    半兽人0       200    1        10


}
